ncols   80
nrows   80
xllcorner   0.000000
yllcorner   0.000000
cellsize   1
NODATA_value   -9999
0.046316 0.042268 0.038293 0.039893 0.040473 0.037029 0.037527 0.037874 0.038144 0.039232 0.041662 0.045918 0.066663 0.10526 0.069498 0.055535 0.052856 0.053809 0.056497 0.074148 0.099459 0.056924 0.053479 0.055204 0.057425 0.055239 0.051706 0.052114 0.053788 0.055545 0.061187 0.076547 0.1811 0.15396 0.28046 0.38519 0.11325 0.081323 0.079247 0.060807 0.054298 0.051484 0.057779 0.059216 0.039839 0.036006 0.03546 0.033153 0.033394 0.032846 0.033846 0.03424 0.031474 0.030704 0.02997 0.029475 0.029213 0.029071 0.029055 0.029126 0.029353 0.029626 0.030006 0.030502 0.031241 0.032133 0.034319 0.035594 0.035443 0.036163 0.037874 0.03831 0.03948 0.041237 0.045089 0.045326 0.053322 0.04769 0.041258 0.04021
0.045441 0.04137 0.039219 0.039054 0.041314 0.039133 0.038587 0.038881 0.040626 0.039412 0.043042 0.045526 0.067811 0.24611 0.077939 0.056982 0.051882 0.0533 0.065297 0.064144 0.065091 0.057513 0.054907 0.054093 0.060041 0.065817 0.058827 0.058343 0.05606 0.054585 0.057147 0.065594 0.091276 0.1223 0.30893 0.6753 0.17648 0.081411 0.079847 0.081159 0.083664 0.045334 0.041009 0.041191 0.042171 0.037475 0.033675 0.032856 0.033352 0.036662 0.036036 0.033053 0.03235 0.031517 0.030322 0.02968 0.029492 0.02914 0.029108 0.029091 0.029267 0.029504 0.029941 0.030419 0.03111 0.031807 0.033592 0.035427 0.035696 0.036536 0.038098 0.040386 0.042622 0.045108 0.046872 0.049891 0.061148 0.055615 0.045381 0.043467
0.042924 0.041501 0.040606 0.039365 0.040231 0.045531 0.047233 0.040693 0.042317 0.0401 0.041841 0.04496 0.062257 0.11363 0.061481 0.051046 0.05371 0.068142 0.098483 0.075239 0.06804 0.058034 0.056677 0.058214 0.06777 0.10559 0.075123 0.070497 0.067647 0.058884 0.058521 0.060432 0.065243 0.076224 0.10014 0.18008 0.13428 0.072704 0.063375 0.051945 0.045752 0.040494 0.037956 0.036644 0.036285 0.034304 0.033023 0.032857 0.034095 0.055087 0.065688 0.037492 0.038207 0.03726 0.031673 0.03049 0.030626 0.02949 0.029202 0.029209 0.029399 0.029672 0.030033 0.030527 0.031192 0.031997 0.033021 0.034482 0.038411 0.038116 0.040004 0.043597 0.04759 0.054789 0.061652 0.06899 0.083342 0.06384 0.05203 0.045938
0.045581 0.042436 0.040502 0.039994 0.041629 0.044704 0.069439 0.04472 0.040981 0.041305 0.040908 0.044119 0.054032 0.059923 0.054243 0.047946 0.051795 0.087294 0.081711 0.14094 0.092738 0.057581 0.064075 0.076794 0.098791 0.25908 0.22478 0.14604 0.10453 0.075015 0.070987 0.0598 0.059073 0.062891 0.066141 0.073421 0.069373 0.05794 0.05143 0.04413 0.040557 0.038197 0.036799 0.035174 0.034046 0.033312 0.032562 0.032565 0.033635 0.038372 0.047961 0.037812 0.036996 0.040232 0.033636 0.03176 0.030251 0.029676 0.029337 0.029357 0.029439 0.029747 0.030155 0.030745 0.031406 0.032308 0.033359 0.034887 0.036851 0.039363 0.042447 0.049125 0.055434 0.080527 0.078505 0.093443 0.21612 0.086156 0.062032 0.050107
0.047671 0.044313 0.041798 0.040788 0.04016 0.042977 0.044479 0.042728 0.048435 0.041474 0.041357 0.042161 0.045796 0.059918 0.057081 0.048808 0.049084 0.058042 0.063743 0.084277 0.067278 0.060848 0.072028 0.10055 0.18058 0.25475 0.53516 0.12544 0.088219 0.093995 0.17965 0.073706 0.06007 0.072453 0.061058 0.062473 0.079281 0.054456 0.047098 0.041668 0.039118 0.036987 0.035519 0.034935 0.034596 0.035575 0.032489 0.032232 0.032669 0.03279 0.034537 0.043876 0.03672 0.039989 0.036471 0.034989 0.030858 0.029824 0.029494 0.029568 0.029701 0.030074 0.030391 0.031057 0.031768 0.032832 0.034007 0.035862 0.037627 0.041339 0.044789 0.052418 0.066347 0.10405 0.16625 0.18056 0.33813 0.12576 0.066689 0.053713
0.051767 0.046685 0.043634 0.042034 0.041263 0.041581 0.04353 0.043616 0.041364 0.039892 0.041281 0.04176 0.046713 0.056267 0.050326 0.046387 0.047242 0.050301 0.054796 0.062163 0.085683 0.058306 0.062255 0.074205 0.15141 0.10975 0.10488 0.087922 0.1013 0.07799 0.066657 0.062855 0.070137 0.17419 0.086705 0.06612 0.077037 0.050097 0.045507 0.04086 0.038828 0.036056 0.03502 0.034239 0.034089 0.033184 0.033253 0.032595 0.032274 0.032556 0.033702 0.036267 0.03291 0.03494 0.042271 0.036285 0.03401 0.03037 0.029739 0.029805 0.029838 0.030263 0.030637 0.031433 0.032484 0.033525 0.0348 0.036676 0.039123 0.045357 0.047776 0.059488 0.073041 0.17271 1.1031 0.90383 0.22194 0.096305 0.071336 0.060471
0.058931 0.050983 0.045894 0.043827 0.045009 0.042936 0.049361 0.045989 0.041064 0.040249 0.040145 0.041127 0.045139 0.044562 0.045194 0.04862 0.050645 0.050583 0.050974 0.052928 0.055831 0.05812 0.066334 0.06787 0.079249 0.07324 0.067383 0.068483 0.076307 0.075461 0.066981 0.060219 0.066325 0.074546 0.061643 0.063319 0.10047 0.046972 0.041229 0.041721 0.037932 0.035778 0.034708 0.034318 0.033304 0.032921 0.033059 0.033855 0.034148 0.033305 0.033992 0.037905 0.033973 0.033536 0.035263 0.035632 0.040536 0.030853 0.030044 0.03012 0.030326 0.030673 0.031103 0.031822 0.032704 0.034187 0.035137 0.037253 0.040265 0.043961 0.052125 0.089942 0.082133 0.1554 0.32993 0.27553 0.13173 0.091587 0.081118 0.085728
0.06578 0.054379 0.048669 0.046675 0.04382 0.042931 0.041828 0.043203 0.043838 0.039651 0.039431 0.040243 0.041988 0.044998 0.046221 0.052522 0.080905 0.063152 0.056255 0.057472 0.055846 0.058333 0.072284 0.13751 0.089653 0.075321 0.0782 0.069045 0.088902 0.1562 0.096157 0.056147 0.055251 0.054441 0.059178 0.062268 0.057524 0.04502 0.039536 0.03811 0.036933 0.034765 0.033875 0.03359 0.032942 0.033072 0.034199 0.037775 0.047686 0.035793 0.032921 0.03261 0.032196 0.03297 0.033552 0.032806 0.03183 0.030656 0.030404 0.030549 0.030796 0.031107 0.031598 0.032352 0.033393 0.034439 0.035615 0.037707 0.04133 0.044339 0.052485 0.090002 0.07493 0.085173 0.099702 0.099246 0.10895 0.085644 0.076637 0.068944
0.065989 0.058008 0.05975 0.053363 0.045081 0.043168 0.041453 0.040681 0.040195 0.039678 0.039493 0.03997 0.041006 0.043697 0.045995 0.055461 0.075496 0.086982 0.093111 0.072269 0.068429 0.066646 0.090884 0.33937 0.22357 0.074334 0.06327 0.081924 0.17129 0.20625 0.083195 0.053707 0.050869 0.050377 0.049102 0.049499 0.044271 0.040212 0.038352 0.036817 0.035228 0.034658 0.033792 0.033608 0.033682 0.035689 0.036366 0.060127 0.09019 0.042346 0.033887 0.03263 0.034431 0.033788 0.032403 0.031292 0.031577 0.031156 0.030752 0.03122 0.032375 0.031949 0.032813 0.032944 0.033936 0.035068 0.036347 0.038639 0.043044 0.046155 0.062963 0.075808 0.089427 0.074261 0.08566 0.096177 0.16959 0.10983 0.12301 0.087582
0.091738 0.065885 0.075428 0.057814 0.047209 0.044309 0.043473 0.042575 0.040507 0.040297 0.039908 0.040252 0.041082 0.043422 0.047595 0.054936 0.08235 0.092876 0.094686 0.099208 0.11057 0.10149 0.10195 0.14022 0.18788 0.077173 0.06377 0.083836 0.12989 0.12716 0.092716 0.054311 0.05143 0.053182 0.046534 0.041924 0.04057 0.038716 0.037721 0.036553 0.034915 0.035559 0.033492 0.034712 0.039676 0.045286 0.042055 0.056274 0.060462 0.038057 0.033947 0.032574 0.032602 0.03179 0.031595 0.03175 0.031802 0.031563 0.031527 0.032181 0.034037 0.032668 0.032878 0.033226 0.034215 0.035582 0.036958 0.039345 0.042212 0.045646 0.056653 0.082402 0.067785 0.073033 0.080688 0.10074 0.26616 0.22247 0.11875 0.09951
0.13782 0.083265 0.079546 0.06043 0.055082 0.047414 0.043593 0.047396 0.043305 0.040355 0.039996 0.040514 0.042397 0.044842 0.060915 0.079202 0.096693 0.1368 0.15981 0.2628 0.090023 0.11144 0.10936 0.11378 0.13857 0.085175 0.0753 0.078598 0.094073 0.063588 0.052798 0.049332 0.051184 0.047513 0.043249 0.043635 0.047144 0.039714 0.038161 0.035984 0.034634 0.034154 0.033329 0.033483 0.033922 0.035689 0.056912 0.037281 0.036071 0.034759 0.035212 0.032954 0.032337 0.031842 0.031887 0.031715 0.031794 0.033706 0.035138 0.0376 0.039954 0.035167 0.033497 0.033808 0.034546 0.036074 0.03767 0.041703 0.04309 0.046212 0.051743 0.069201 0.096555 0.099571 0.10557 0.13566 0.34917 0.23496 0.25026 0.14793
0.091958 0.079126 0.064107 0.057999 0.05918 0.049758 0.044495 0.043245 0.041524 0.040509 0.040284 0.040845 0.045644 0.044289 0.055991 0.076816 0.10172 0.11257 0.15136 0.31186 0.077947 0.062684 0.062705 0.06165 0.066959 0.078481 0.065444 0.066398 0.062682 0.050143 0.046543 0.049357 0.046012 0.042189 0.040837 0.045347 0.057879 0.050428 0.04591 0.037247 0.034705 0.033816 0.034775 0.033247 0.034804 0.033868 0.034523 0.034661 0.035618 0.033664 0.03327 0.032817 0.032747 0.033076 0.03333 0.032445 0.032314 0.032853 0.035856 0.03931 0.063295 0.041965 0.03482 0.034713 0.0354 0.037068 0.0388 0.045461 0.050385 0.047598 0.051295 0.059231 0.072724 0.084402 0.13882 0.35898 0.43409 0.2554 0.28946 0.13267
0.11486 0.074754 0.062163 0.063771 0.10614 0.056102 0.046499 0.043587 0.041817 0.041019 0.04086 0.041434 0.043728 0.044145 0.047145 0.050188 0.057117 0.070534 0.073189 0.1009 0.065006 0.069098 0.065278 0.055278 0.079095 0.10769 0.058381 0.064968 0.057719 0.048918 0.044459 0.04581 0.047984 0.04272 0.040871 0.048122 0.057393 0.067345 0.059542 0.037564 0.034961 0.034656 0.034066 0.033066 0.03322 0.033322 0.032934 0.036761 0.035243 0.033517 0.03351 0.033932 0.034606 0.035438 0.035649 0.033866 0.033219 0.032989 0.033467 0.035915 0.036383 0.037066 0.037948 0.037113 0.03767 0.041892 0.040281 0.048813 0.10142 0.050801 0.053892 0.074486 0.083632 0.079105 0.098813 0.23269 0.31426 0.26318 0.32323 0.33044
0.1244 0.074167 0.063189 0.059948 0.081225 0.057687 0.050283 0.046236 0.043629 0.041939 0.041713 0.041618 0.042449 0.045455 0.046301 0.047752 0.0489 0.053716 0.056034 0.057015 0.065612 0.077637 0.054539 0.052401 0.060905 0.11894 0.055737 0.050122 0.048202 0.045839 0.047441 0.045673 0.055784 0.047433 0.04189 0.046456 0.059443 0.062688 0.045381 0.038949 0.035975 0.035278 0.033865 0.035031 0.033336 0.032635 0.032879 0.033393 0.035287 0.035875 0.035343 0.036266 0.037862 0.039147 0.038006 0.036277 0.039328 0.034013 0.033539 0.034371 0.034286 0.035541 0.045806 0.037234 0.038474 0.038762 0.040349 0.046377 0.061287 0.053619 0.057819 0.059512 0.069509 0.077408 0.094398 0.12867 0.18191 0.6322 0.97805 0.70837
0.096111 0.079519 0.063671 0.06311 0.093849 0.075482 0.057357 0.046459 0.044036 0.043844 0.042347 0.042564 0.043343 0.044871 0.048794 0.057086 0.049688 0.049169 0.049491 0.050967 0.05324 0.054108 0.051581 0.051609 0.052844 0.055593 0.046938 0.044136 0.042523 0.041788 0.041674 0.042413 0.05144 0.044781 0.044588 0.047011 0.046039 0.054834 0.053314 0.053444 0.038289 0.034858 0.034542 0.034942 0.034375 0.03327 0.03521 0.033744 0.035143 0.037965 0.038963 0.042206 0.050544 0.071355 0.045429 0.040156 0.044796 0.035366 0.034366 0.035005 0.035362 0.03661 0.038833 0.037479 0.040437 0.04014 0.042705 0.050349 0.06828 0.055914 0.059734 0.070999 0.10338 0.080137 0.094439 0.17912 0.25272 0.17728 0.2889 0.16206
0.097019 0.10216 0.07299 0.099831 0.10769 0.059032 0.051493 0.049799 0.049421 0.048102 0.044349 0.044205 0.044716 0.04972 0.068056 0.062341 0.052641 0.04822 0.050441 0.052023 0.062217 0.072543 0.075632 0.050378 0.046481 0.0452 0.044879 0.042161 0.04068 0.040066 0.040612 0.04493 0.055923 0.05341 0.05559 0.083318 0.053088 0.060622 0.065622 0.061926 0.044752 0.039613 0.037949 0.035612 0.036428 0.034194 0.033908 0.034438 0.036233 0.042125 0.062848 0.072649 0.15934 0.067419 0.041994 0.04349 0.045151 0.036276 0.035 0.035301 0.03562 0.037101 0.03666 0.037512 0.041811 0.051485 0.059427 0.064158 0.063363 0.054782 0.057342 0.10749 0.39217 0.093256 0.096326 0.25006 0.26315 0.11467 0.10422 0.089344
0.069943 0.064212 0.069822 0.11579 0.091173 0.066748 0.057747 0.090122 0.057813 0.060451 0.058655 0.047996 0.050459 0.0518 0.065371 0.070622 0.05428 0.051124 0.065439 0.049624 0.056442 0.068946 0.057543 0.045909 0.043456 0.042545 0.042354 0.044561 0.041096 0.03992 0.039991 0.040575 0.047288 0.12245 0.054097 0.051086 0.043968 0.045681 0.044085 0.048743 0.045502 0.035459 0.034776 0.042654 0.037972 0.033578 0.034086 0.035369 0.038903 0.062866 0.11526 0.1048 0.12962 0.073301 0.042666 0.043496 0.045913 0.036986 0.036215 0.03703 0.039544 0.042637 0.039366 0.040708 0.042378 0.043087 0.054695 0.071235 0.05326 0.066077 0.065224 0.072719 0.095959 0.10212 0.18908 0.17468 0.14471 0.152 0.096654 0.075106
0.060588 0.058893 0.059575 0.071089 0.12005 0.081443 0.054007 0.070279 0.050901 0.050852 0.051915 0.050741 0.08756 0.063794 0.072045 0.075627 0.059083 0.057344 0.061581 0.050479 0.050928 0.048084 0.045529 0.04381 0.042718 0.041946 0.043025 0.045805 0.04159 0.039752 0.039224 0.040238 0.044076 0.08256 0.051493 0.042239 0.038587 0.039288 0.041436 0.038431 0.038271 0.034794 0.034679 0.039118 0.034965 0.033255 0.034333 0.037446 0.044966 0.080937 0.08205 0.064518 0.063731 0.080593 0.045693 0.041877 0.039515 0.038265 0.038655 0.048314 0.046745 0.050409 0.043722 0.050681 0.041354 0.04245 0.054088 0.060813 0.049873 0.061518 0.056004 0.056782 0.068359 0.097872 0.17919 0.1055 0.15887 0.16818 0.10063 0.066174
0.057927 0.060826 0.061421 0.064499 0.081198 0.062021 0.051187 0.051006 0.046634 0.045676 0.046829 0.051163 0.05439 0.069746 0.12 0.1407 0.084242 0.080295 0.061379 0.050939 0.048555 0.047476 0.044732 0.043551 0.043788 0.04205 0.042989 0.049841 0.044583 0.040156 0.03857 0.03865 0.041232 0.045153 0.041757 0.041213 0.037244 0.036071 0.036783 0.03563 0.03508 0.034011 0.033154 0.032964 0.033241 0.032985 0.034548 0.039232 0.046671 0.097541 0.062919 0.064474 0.05842 0.04688 0.046346 0.042826 0.041843 0.041317 0.042812 0.058758 0.050843 0.042739 0.041325 0.046878 0.0467 0.050992 0.044026 0.04572 0.050302 0.046134 0.048746 0.052865 0.071566 0.1132 0.091092 0.078346 0.099818 0.10497 0.069351 0.061077
0.058876 0.071001 0.11113 0.13504 0.10509 0.067807 0.05408 0.048032 0.046072 0.045911 0.052754 0.047766 0.048924 0.054999 0.088297 0.099203 0.076898 0.14846 0.10548 0.068463 0.052339 0.05035 0.04596 0.045581 0.049981 0.044059 0.04928 0.099753 0.048957 0.039317 0.038751 0.038866 0.041669 0.042495 0.041887 0.046354 0.038894 0.035927 0.034752 0.035239 0.040549 0.035334 0.032944 0.032505 0.033611 0.032852 0.034148 0.037026 0.042543 0.048797 0.070514 0.14614 0.064385 0.049323 0.049541 0.041472 0.043952 0.052595 0.052626 0.048983 0.046451 0.04603 0.044281 0.045153 0.053088 0.093098 0.045739 0.041718 0.042746 0.042963 0.045329 0.047743 0.061878 0.098183 0.071097 0.062973 0.066424 0.073982 0.068624 0.077139
0.056622 0.06235 0.11373 0.3445 0.081746 0.057925 0.052166 0.047533 0.04672 0.047052 0.052384 0.049187 0.050411 0.055219 0.060029 0.063006 0.061957 0.073481 0.077244 0.15237 0.058321 0.050826 0.050777 0.056153 0.062917 0.047101 0.044898 0.047548 0.042036 0.039172 0.038815 0.044263 0.052881 0.045592 0.050213 0.11921 0.045 0.035342 0.03458 0.034629 0.040135 0.050349 0.033457 0.032253 0.032782 0.033021 0.033655 0.035692 0.040738 0.049648 0.1084 0.11884 0.14763 0.055074 0.042672 0.043695 0.060485 0.079019 0.093496 0.051477 0.064723 0.091006 0.051418 0.051189 0.070926 0.053995 0.0435 0.04174 0.040991 0.041642 0.044064 0.045816 0.05443 0.05437 0.056547 0.061273 0.066066 0.068639 0.06488 0.065165
0.054729 0.070373 0.076202 0.12007 0.063412 0.051231 0.051689 0.053077 0.047606 0.049711 0.058573 0.057512 0.053792 0.053514 0.05534 0.057951 0.066799 0.092767 0.073288 0.065871 0.054374 0.051835 0.048834 0.047681 0.053244 0.04538 0.044155 0.041654 0.041144 0.040306 0.039567 0.041746 0.043973 0.067197 0.053694 0.045574 0.038859 0.035011 0.034404 0.035749 0.035902 0.034948 0.032699 0.032057 0.032401 0.033072 0.033863 0.035244 0.040305 0.043237 0.060475 0.11935 0.068433 0.045332 0.041991 0.044203 0.073369 0.058148 0.058577 0.053991 0.061477 0.064613 0.058799 0.09109 0.080182 0.060367 0.043548 0.040963 0.041202 0.040559 0.041759 0.04487 0.04911 0.056357 0.080317 0.074031 0.05567 0.060845 0.083585 0.058442
0.068106 0.076097 0.075312 0.084365 0.070583 0.050363 0.05283 0.053653 0.051629 0.053296 0.063424 0.058351 0.054518 0.056829 0.061042 0.069173 0.13812 0.085436 0.060436 0.056698 0.053404 0.053135 0.054882 0.04928 0.048214 0.044421 0.043232 0.042649 0.045132 0.041309 0.039577 0.039465 0.039046 0.041703 0.063188 0.040627 0.03644 0.034936 0.03526 0.050827 0.038185 0.036977 0.03253 0.031968 0.033208 0.032842 0.033142 0.034957 0.040582 0.03959 0.041994 0.055642 0.049864 0.042281 0.043047 0.04574 0.07378 0.064752 0.078777 0.055641 0.057059 0.06196 0.058234 0.055576 0.051258 0.067158 0.046179 0.04072 0.03978 0.039806 0.040476 0.044358 0.066588 0.052868 0.086928 0.12643 0.076975 0.061805 0.081202 0.062556
0.067356 0.054026 0.054076 0.077811 0.052772 0.050066 0.063219 0.052791 0.065388 0.056383 0.095545 0.089487 0.067882 0.069068 0.064544 0.073536 0.10156 0.098194 0.066793 0.059351 0.056173 0.053075 0.059559 0.054407 0.047232 0.045512 0.045303 0.045226 0.04785 0.0469 0.0404 0.038816 0.038998 0.038634 0.041899 0.037594 0.035569 0.035039 0.036156 0.045329 0.034569 0.033161 0.03224 0.03218 0.032431 0.032328 0.033284 0.034815 0.035723 0.037784 0.038566 0.041944 0.043163 0.040978 0.042242 0.043871 0.046537 0.049346 0.05661 0.063501 0.091925 0.14105 0.076274 0.054038 0.049141 0.048318 0.049792 0.040907 0.039232 0.039236 0.039536 0.042851 0.072072 0.050761 0.061602 0.067105 0.072026 0.056399 0.064129 0.061772
0.046602 0.047337 0.049849 0.067975 0.051459 0.047818 0.048546 0.050547 0.060861 0.055197 0.068554 0.10601 0.10183 0.069466 0.077168 0.092069 0.090139 0.076321 0.073024 0.064441 0.05996 0.059971 0.0545 0.053294 0.054133 0.049299 0.048404 0.045841 0.0491 0.053652 0.046555 0.040043 0.038398 0.037299 0.036416 0.03555 0.035357 0.036477 0.040252 0.035105 0.032674 0.032314 0.032181 0.031849 0.032379 0.033029 0.033913 0.033949 0.034608 0.035936 0.038731 0.04311 0.04222 0.042915 0.04244 0.044474 0.04702 0.05095 0.056471 0.062926 0.080094 0.10538 0.11615 0.061214 0.048221 0.045328 0.055295 0.042083 0.039127 0.039529 0.039073 0.041776 0.04304 0.046826 0.051297 0.048233 0.047163 0.049892 0.067162 0.047517
0.042489 0.042641 0.044033 0.046263 0.049112 0.047288 0.045484 0.049617 0.054632 0.05494 0.066806 0.087611 0.097347 0.083526 0.080714 0.090003 0.09838 0.12362 0.11799 0.076152 0.068057 0.074742 0.057987 0.055809 0.072646 0.071133 0.053201 0.048695 0.050769 0.052462 0.048843 0.04516 0.040873 0.037836 0.036309 0.036026 0.036551 0.036789 0.036121 0.033824 0.032139 0.031743 0.031651 0.031718 0.032661 0.03902 0.042445 0.033627 0.034049 0.035484 0.040009 0.048455 0.042422 0.042007 0.044471 0.048082 0.052662 0.063081 0.081133 0.073587 0.16302 0.61188 0.14691 0.060864 0.050379 0.044356 0.042922 0.040369 0.039065 0.039516 0.039255 0.040269 0.039956 0.043371 0.044614 0.041242 0.041795 0.047494 0.063537 0.043743
0.040119 0.040455 0.041409 0.043 0.046516 0.04595 0.047949 0.049102 0.04973 0.05256 0.059654 0.075687 0.11334 0.1095 0.10347 0.10945 0.13646 0.40874 0.14425 0.08664 0.073681 0.064675 0.066759 0.069931 0.086908 0.096122 0.06316 0.056507 0.064676 0.089867 0.052757 0.04367 0.040153 0.037699 0.036534 0.037467 0.035605 0.035402 0.033863 0.032483 0.031813 0.031436 0.031428 0.032218 0.033118 0.03349 0.034121 0.033433 0.034626 0.036613 0.041868 0.040114 0.044579 0.047462 0.04925 0.058614 0.063298 0.089091 0.10862 0.087783 0.097774 0.18814 0.1399 0.062212 0.049509 0.043985 0.041314 0.039442 0.038554 0.038649 0.038417 0.0377 0.038189 0.038288 0.038776 0.03899 0.040181 0.041231 0.041248 0.040412
0.038704 0.039276 0.042969 0.045443 0.045732 0.043054 0.045231 0.047959 0.05254 0.053579 0.060821 0.082975 0.089655 0.10661 0.11895 0.16966 0.28603 0.35264 0.21483 0.1148 0.078734 0.068019 0.086351 0.1147 0.092461 0.10124 0.13167 0.094376 0.14957 0.16126 0.05619 0.044181 0.042002 0.039973 0.037682 0.03583 0.034737 0.033738 0.032857 0.032129 0.031703 0.031397 0.031389 0.031818 0.034168 0.034502 0.033234 0.033745 0.044072 0.038779 0.038338 0.039162 0.049618 0.072587 0.062607 0.14791 0.090745 0.22072 0.16278 0.10842 0.11325 0.12577 0.082168 0.057741 0.049098 0.043942 0.041376 0.039471 0.038798 0.037709 0.037406 0.037 0.036635 0.036668 0.03717 0.0371 0.037553 0.038582 0.038583 0.039237
0.038728 0.039564 0.041481 0.042118 0.041274 0.042665 0.046682 0.047216 0.063365 0.057473 0.064149 0.084577 0.10019 0.20382 0.2521 0.30318 1.039 0.76398 0.69146 0.14781 0.081446 0.070059 0.063546 0.065446 0.083694 0.21449 0.1726 0.098141 0.093102 0.092904 0.058521 0.050748 0.044559 0.059016 0.038918 0.036084 0.034905 0.033858 0.032765 0.032416 0.031641 0.031536 0.031336 0.032082 0.037463 0.036341 0.033398 0.033221 0.035502 0.035456 0.038134 0.043367 0.055952 0.05354 0.092817 0.15461 0.14521 0.1327 0.197 0.18601 0.32612 0.16508 0.073121 0.056416 0.047748 0.043795 0.041086 0.040259 0.03895 0.03822 0.039491 0.039796 0.03624 0.036025 0.035904 0.036171 0.036265 0.037262 0.039931 0.041549
0.040489 0.044384 0.039623 0.043176 0.04211 0.04181 0.042212 0.046004 0.048584 0.059808 0.065395 0.080271 0.12471 0.39051 1.3482 0.66677 2.1801 0.55022 0.22843 0.13054 0.082436 0.070192 0.061141 0.062378 0.078644 0.10849 0.085126 0.065918 0.064824 0.079049 0.08608 0.087968 0.048049 0.045122 0.040037 0.037475 0.035445 0.034228 0.032825 0.032516 0.03177 0.031933 0.031435 0.033848 0.032488 0.033031 0.032232 0.032929 0.033344 0.035594 0.037637 0.041517 0.075358 0.050863 0.06131 0.08934 0.11109 0.096594 0.23176 0.23576 0.94776 0.26145 0.072318 0.056625 0.046499 0.043897 0.040942 0.05056 0.048054 0.039535 0.036897 0.037608 0.035844 0.035742 0.035125 0.035697 0.035459 0.036531 0.03929 0.038562
0.042021 0.041325 0.039702 0.039415 0.039829 0.041138 0.042268 0.044962 0.047544 0.053363 0.060611 0.074208 0.1167 0.15197 0.28501 0.60566 0.5075 0.32559 0.17273 0.101 0.078186 0.069488 0.063458 0.059844 0.060127 0.061389 0.062041 0.062789 0.077901 0.068328 0.064764 0.054573 0.049947 0.045533 0.047989 0.039335 0.036648 0.03468 0.033224 0.032504 0.032429 0.031852 0.031967 0.035808 0.032409 0.03363 0.03217 0.032649 0.033295 0.035101 0.039601 0.040343 0.045927 0.047821 0.0515 0.070896 0.10802 0.10899 0.15243 0.14534 0.20446 0.10584 0.069167 0.054008 0.046263 0.043217 0.041415 0.042912 0.044246 0.040795 0.038784 0.04165 0.035985 0.035443 0.035272 0.035282 0.035357 0.036176 0.037745 0.038405
0.096973 0.053719 0.045092 0.040543 0.039615 0.04123 0.042682 0.046303 0.047191 0.052359 0.058412 0.067188 0.083447 0.10292 0.17243 0.21083 0.15512 0.13792 0.14227 0.093278 0.075132 0.075618 0.065176 0.060293 0.058265 0.058584 0.070339 0.09731 0.1472 0.072457 0.087251 0.059496 0.062018 0.052672 0.062979 0.052121 0.040245 0.035908 0.033744 0.032854 0.032192 0.031844 0.032019 0.03341 0.032322 0.032397 0.032393 0.032459 0.033108 0.034857 0.041257 0.038928 0.040331 0.046848 0.048574 0.056522 0.12548 0.081699 0.10683 0.16878 0.11535 0.076685 0.064394 0.051554 0.045625 0.043411 0.042706 0.042941 0.042848 0.039077 0.038528 0.037148 0.03636 0.035624 0.036033 0.035297 0.035296 0.037485 0.036443 0.041512
0.041591 0.042992 0.045139 0.050746 0.041888 0.040626 0.042809 0.043736 0.046512 0.051516 0.066439 0.06631 0.073002 0.098523 0.10889 0.11493 0.11462 0.1258 0.12609 0.088485 0.093998 0.10073 0.067443 0.061705 0.06154 0.067269 0.082688 0.081651 0.076199 0.073338 0.086321 0.081635 0.10933 0.058742 0.049244 0.046025 0.042386 0.036927 0.034334 0.033005 0.032242 0.031931 0.031868 0.032039 0.032318 0.031837 0.031959 0.03237 0.033335 0.035852 0.037451 0.037923 0.043027 0.054226 0.046036 0.051726 0.064298 0.064031 0.08012 0.12035 0.15845 0.075669 0.064079 0.050712 0.044508 0.042047 0.040746 0.042281 0.042258 0.038135 0.037724 0.036879 0.036632 0.036182 0.035912 0.035743 0.03572 0.036235 0.036037 0.037691
0.038152 0.038175 0.039387 0.041969 0.040652 0.039987 0.041091 0.043178 0.047977 0.051802 0.073923 0.067728 0.068394 0.087529 0.080851 0.087794 0.10979 0.13853 0.096732 0.07307 0.086933 0.096496 0.069765 0.076626 0.095411 0.07746 0.068358 0.10596 0.06655 0.073191 0.13961 0.11935 0.16507 0.10216 0.049219 0.045561 0.042439 0.037357 0.034668 0.033531 0.032593 0.032087 0.03198 0.034366 0.032867 0.03187 0.031955 0.032362 0.033088 0.035479 0.037298 0.036786 0.038547 0.043892 0.045343 0.05305 0.062282 0.075341 0.084344 0.07497 0.062957 0.066161 0.14691 0.056488 0.043859 0.041592 0.039917 0.039519 0.039457 0.038928 0.042098 0.038272 0.037553 0.038503 0.037864 0.037598 0.035986 0.035854 0.035833 0.036374
0.04225 0.0392 0.041643 0.045983 0.040125 0.040198 0.041595 0.04313 0.04614 0.050723 0.058933 0.058851 0.068359 0.17651 0.11248 0.078906 0.077864 0.079289 0.086413 0.069786 0.081191 0.072404 0.065841 0.10413 0.34789 0.11335 0.079346 0.13738 0.11248 0.077462 0.07785 0.080818 0.087565 0.10055 0.067873 0.060032 0.040534 0.037039 0.035809 0.03427 0.033647 0.032485 0.032863 0.033233 0.03217 0.032724 0.032219 0.032486 0.033124 0.033935 0.034865 0.0361 0.037632 0.040184 0.043094 0.051304 0.072746 0.085936 0.072421 0.062035 0.061045 0.055936 0.053915 0.048999 0.044081 0.041455 0.040243 0.039558 0.03938 0.039786 0.042219 0.043999 0.040197 0.042934 0.047302 0.051486 0.037383 0.035752 0.036796 0.036774
0.038641 0.049459 0.044616 0.059235 0.044785 0.041439 0.041355 0.043027 0.045887 0.050217 0.059212 0.069772 0.06595 0.076374 0.072489 0.078983 0.093931 0.067581 0.068274 0.07364 0.14979 0.095778 0.082082 0.10082 0.16005 0.18519 0.2182 0.11244 0.073886 0.080526 0.097781 0.060016 0.062534 0.076355 0.057703 0.048925 0.040971 0.037198 0.037606 0.036423 0.034346 0.033855 0.033118 0.032417 0.032268 0.035699 0.032943 0.032725 0.033317 0.034261 0.034673 0.036084 0.037902 0.040554 0.046325 0.071266 0.063141 0.087343 0.17869 0.070937 0.056642 0.052239 0.046886 0.045299 0.043451 0.041898 0.041025 0.04056 0.040422 0.042061 0.04769 0.042808 0.044872 0.073441 0.068131 0.050329 0.039717 0.035987 0.035494 0.035892
0.036426 0.038969 0.053818 0.095597 0.090551 0.045954 0.041495 0.042134 0.044689 0.049241 0.06733 0.1293 0.085408 0.082931 0.086016 0.13251 0.090279 0.05972 0.065404 0.069472 0.074799 0.062658 0.066942 0.14263 0.11615 0.083958 0.0836 0.076376 0.060441 0.062089 0.07253 0.054345 0.048134 0.049115 0.050205 0.042188 0.039032 0.039466 0.036637 0.038301 0.03869 0.034931 0.033527 0.032313 0.032321 0.033464 0.035035 0.035183 0.033758 0.034464 0.035343 0.036359 0.038397 0.044209 0.069047 0.063918 0.070104 0.061879 0.059706 0.05331 0.054011 0.048397 0.046363 0.044827 0.044071 0.043174 0.042611 0.042279 0.043578 0.045185 0.06193 0.059596 0.067346 0.069524 0.047405 0.040038 0.037205 0.035743 0.035321 0.035726
0.036083 0.03795 0.0554 0.10455 0.056948 0.050237 0.043098 0.042962 0.048902 0.05314 0.07586 0.23513 0.23761 0.16008 0.1541 0.1341 0.071756 0.056144 0.054268 0.066677 0.059274 0.055073 0.0733 0.096809 0.11565 0.076291 0.059511 0.073469 0.091711 0.057534 0.056862 0.060657 0.047099 0.044049 0.050992 0.046986 0.0427 0.049043 0.040944 0.042677 0.036559 0.033892 0.032943 0.032389 0.032401 0.032761 0.034035 0.0429 0.034378 0.034384 0.03541 0.036568 0.039037 0.046305 0.06534 0.067927 0.051141 0.054295 0.046932 0.048299 0.053057 0.046684 0.046006 0.047201 0.047539 0.04622 0.045174 0.044502 0.048888 0.050344 0.12077 0.18339 0.078051 0.056738 0.045548 0.038399 0.036419 0.035172 0.034968 0.037148
0.036161 0.036972 0.040206 0.053456 0.049372 0.041854 0.040063 0.040868 0.045462 0.051551 0.12393 0.081898 0.073046 0.070929 0.06779 0.059208 0.054151 0.049686 0.048095 0.048627 0.049291 0.052157 0.055807 0.061631 0.088534 0.056744 0.05141 0.056483 0.066135 0.054943 0.11599 0.090337 0.055012 0.044065 0.042359 0.04471 0.06342 0.052696 0.06356 0.054496 0.0361 0.033902 0.03331 0.032984 0.032925 0.032947 0.033389 0.03474 0.035527 0.035334 0.036645 0.039785 0.041793 0.043845 0.048221 0.058453 0.048552 0.049354 0.04608 0.049566 0.050083 0.047899 0.049574 0.053063 0.055054 0.054954 0.053447 0.04804 0.048163 0.049762 0.057914 0.063433 0.074005 0.080679 0.05038 0.038383 0.036154 0.035104 0.034664 0.034819
0.034759 0.036085 0.038712 0.041119 0.040528 0.04773 0.044303 0.040744 0.041018 0.045336 0.062893 0.05457 0.050881 0.055713 0.072507 0.051448 0.047411 0.046388 0.045523 0.045659 0.045709 0.047607 0.049959 0.050394 0.059441 0.056768 0.050116 0.048702 0.050424 0.057808 0.083523 0.060187 0.046789 0.051362 0.047909 0.042958 0.05198 0.044728 0.053171 0.04284 0.035677 0.034365 0.034032 0.034474 0.035007 0.03519 0.034029 0.034369 0.035731 0.038238 0.040559 0.05568 0.044716 0.081988 0.057321 0.048975 0.069036 0.061835 0.046989 0.048077 0.046792 0.049571 0.058074 0.09123 0.10405 0.077811 0.062908 0.054467 0.0535 0.059677 0.052348 0.052813 0.097324 0.057213 0.041834 0.03805 0.036009 0.035025 0.034373 0.034359
0.034686 0.035638 0.043229 0.053194 0.038173 0.041235 0.04073 0.039102 0.039565 0.0422 0.046271 0.049947 0.047886 0.049719 0.050524 0.047568 0.045318 0.043905 0.045863 0.048606 0.048736 0.046691 0.047178 0.046023 0.048923 0.059006 0.068731 0.049213 0.045374 0.050368 0.047701 0.046872 0.046047 0.049059 0.044651 0.043531 0.074429 0.04799 0.040546 0.037178 0.035419 0.035913 0.035573 0.035926 0.034358 0.035221 0.03977 0.03913 0.039753 0.038752 0.041273 0.05112 0.044884 0.050177 0.061403 0.050104 0.053618 0.051325 0.048179 0.049499 0.047942 0.05341 0.067293 0.22118 0.43606 0.16605 0.10159 0.068803 0.062675 0.096755 0.064692 0.056373 0.1355 0.051905 0.041681 0.038597 0.036794 0.035571 0.034514 0.034467
0.036265 0.035217 0.039539 0.037639 0.037307 0.043063 0.039214 0.039307 0.040947 0.04122 0.054606 0.049929 0.043214 0.0467 0.054462 0.047086 0.046441 0.044472 0.053878 0.045289 0.043442 0.042452 0.043928 0.044283 0.044008 0.04582 0.04631 0.044325 0.043145 0.045054 0.051631 0.055349 0.045011 0.043338 0.047713 0.042275 0.042745 0.041266 0.039943 0.037601 0.036482 0.04086 0.037216 0.047472 0.03812 0.0371 0.046219 0.041463 0.046766 0.040345 0.046165 0.12767 0.061285 0.048225 0.057451 0.091752 0.052871 0.050496 0.060232 0.054037 0.049728 0.055132 0.066509 0.1397 0.33198 0.23999 0.22963 0.078629 0.082525 0.23176 0.085904 0.060486 0.072841 0.047162 0.043483 0.043966 0.038175 0.039233 0.036062 0.035059
0.035852 0.034431 0.037228 0.03495 0.034736 0.035333 0.036163 0.037031 0.040544 0.041151 0.041288 0.043692 0.044949 0.04293 0.043772 0.041596 0.041681 0.043428 0.048605 0.041826 0.041358 0.041602 0.045528 0.043999 0.042802 0.04273 0.0423 0.04331 0.042902 0.04372 0.04849 0.051848 0.046494 0.04503 0.05764 0.048662 0.045055 0.049247 0.044901 0.038799 0.039449 0.039006 0.037385 0.042686 0.038035 0.044357 0.037359 0.037029 0.04258 0.053319 0.046986 0.058664 0.054771 0.069669 0.052275 0.053541 0.062604 0.06773 0.15339 0.078204 0.054861 0.058837 0.066241 0.10423 0.10184 0.12526 0.22801 0.082284 0.082914 0.3089 0.11241 0.082188 0.055864 0.045739 0.058702 0.043468 0.037394 0.036474 0.035763 0.036691
0.036145 0.034905 0.036974 0.035116 0.034141 0.034093 0.034547 0.035238 0.03714 0.043819 0.039315 0.04189 0.056074 0.055322 0.043651 0.039559 0.039518 0.039716 0.041258 0.04012 0.040744 0.042713 0.046178 0.049702 0.047457 0.043788 0.043611 0.04477 0.044497 0.044133 0.049262 0.092632 0.052095 0.051478 0.074168 0.10754 0.068081 0.1051 0.052976 0.045203 0.052985 0.040614 0.045507 0.040126 0.035972 0.03533 0.035372 0.035869 0.041189 0.048065 0.046959 0.056955 0.051477 0.047898 0.055572 0.056682 0.056702 0.075681 0.11661 0.071127 0.056145 0.056092 0.059392 0.091332 0.063658 0.07566 0.10675 0.072394 0.072482 0.13428 0.10459 0.063573 0.056259 0.046578 0.060054 0.066292 0.039037 0.035425 0.036352 0.034968
0.035231 0.034548 0.033953 0.033888 0.034066 0.033868 0.034008 0.034753 0.036424 0.041064 0.041709 0.04462 0.061818 0.066759 0.042396 0.038822 0.038497 0.038423 0.040139 0.039082 0.03957 0.044134 0.061174 0.045394 0.042455 0.042626 0.043172 0.046129 0.045451 0.046087 0.051963 0.066666 0.056622 0.049189 0.04972 0.057078 0.054138 0.073992 0.050419 0.042784 0.039037 0.039737 0.065112 0.050306 0.043794 0.037217 0.036016 0.035052 0.038172 0.049995 0.046652 0.059874 0.076988 0.052674 0.058707 0.10828 0.076829 0.060148 0.06336 0.061053 0.060532 0.064777 0.062341 0.072828 0.056112 0.060817 0.065296 0.056605 0.063579 0.11409 0.1894 0.065905 0.064208 0.048625 0.043927 0.04337 0.038716 0.035382 0.034812 0.034476
0.035665 0.036674 0.035589 0.037939 0.035585 0.034247 0.03434 0.035043 0.035449 0.038747 0.042645 0.05276 0.12754 0.056948 0.040299 0.038044 0.037417 0.037778 0.038207 0.038504 0.039085 0.040972 0.046896 0.048768 0.04479 0.044984 0.04728 0.055984 0.056723 0.055137 0.060045 0.055534 0.062282 0.063625 0.063931 0.055322 0.053837 0.04462 0.040215 0.037813 0.036797 0.036552 0.037482 0.037359 0.035777 0.035736 0.034228 0.034433 0.035583 0.037296 0.039847 0.050151 0.055098 0.059262 0.053574 0.063213 0.066719 0.065096 0.072957 0.065059 0.056725 0.067772 0.06722 0.070669 0.054705 0.056215 0.077074 0.052652 0.056183 0.064953 0.060915 0.05196 0.06646 0.043277 0.041226 0.041974 0.040913 0.034777 0.034151 0.035307
0.044269 0.075368 0.04377 0.051899 0.045481 0.038611 0.03788 0.034714 0.035393 0.039207 0.056518 0.075563 0.055236 0.043317 0.038592 0.037401 0.037305 0.037629 0.038373 0.03879 0.039477 0.040178 0.042371 0.052221 0.052254 0.048243 0.061167 0.077465 0.068692 0.080226 0.13854 0.10727 0.082108 0.078134 0.11705 0.064768 0.051342 0.044304 0.039472 0.037454 0.038357 0.036652 0.034829 0.034148 0.033731 0.033878 0.033803 0.034069 0.034706 0.035903 0.038518 0.051144 0.059872 0.065175 0.058192 0.063332 0.080699 0.11794 0.12482 0.075483 0.058522 0.0544 0.056093 0.061154 0.060168 0.061076 0.065597 0.049901 0.048046 0.056729 0.055673 0.050109 0.059181 0.041655 0.044829 0.041442 0.037372 0.036974 0.038588 0.038104
0.043513 0.042926 0.04607 0.041472 0.037893 0.035306 0.034101 0.033888 0.03414 0.035458 0.040879 0.044033 0.03955 0.039918 0.037188 0.036955 0.037367 0.0388 0.040016 0.03908 0.039638 0.041064 0.045804 0.04604 0.04495 0.048565 0.084077 0.064338 0.056537 0.073486 0.16481 0.1338 0.098521 0.057395 0.053902 0.048104 0.044536 0.045766 0.038981 0.036493 0.035895 0.035428 0.034441 0.033639 0.034104 0.033429 0.03334 0.033882 0.034279 0.035458 0.03756 0.042409 0.05798 0.05866 0.060436 0.071826 0.11893 0.53052 0.33955 0.098428 0.063878 0.055237 0.052066 0.052537 0.053268 0.050887 0.047602 0.046464 0.059696 0.04968 0.042692 0.042481 0.049462 0.039898 0.044164 0.036957 0.035447 0.036685 0.034919 0.038093
0.034812 0.033639 0.03445 0.034049 0.033202 0.033491 0.03971 0.034522 0.033533 0.03446 0.037526 0.040675 0.03903 0.037081 0.037973 0.037085 0.037238 0.038886 0.04295 0.040894 0.042099 0.047661 0.05222 0.046261 0.045389 0.048019 0.058369 0.068728 0.07744 0.11654 0.14555 0.080761 0.062948 0.055123 0.059493 0.050576 0.044687 0.040359 0.03784 0.03623 0.035134 0.03429 0.033649 0.033653 0.034187 0.033133 0.032906 0.03321 0.033938 0.03494 0.036597 0.039242 0.04376 0.053012 0.079629 0.101 0.21242 0.64619 0.57136 0.11934 0.066401 0.057956 0.057233 0.063284 0.055024 0.054093 0.04645 0.043887 0.045541 0.040653 0.038745 0.040021 0.044443 0.045826 0.037038 0.037926 0.04399 0.038192 0.033447 0.033357
0.034414 0.03286 0.03285 0.032364 0.032272 0.034717 0.041388 0.034574 0.033564 0.035297 0.034904 0.035033 0.035522 0.036634 0.050822 0.038028 0.037104 0.038214 0.042218 0.047865 0.046305 0.045219 0.044379 0.046381 0.047004 0.04905 0.06843 0.17541 0.1392 0.066824 0.068678 0.060331 0.065188 0.072161 0.1178 0.056466 0.044537 0.040668 0.037928 0.036435 0.035141 0.034244 0.03367 0.034662 0.032947 0.032716 0.032653 0.032942 0.03347 0.034458 0.035849 0.038064 0.041606 0.049459 0.096566 0.22522 0.29662 0.21689 0.16964 0.10407 0.070123 0.069251 0.088677 0.086272 0.077649 0.071045 0.049388 0.044918 0.043444 0.039169 0.037455 0.037563 0.041902 0.045498 0.035139 0.03633 0.047884 0.050676 0.033289 0.032612
0.034896 0.031894 0.031747 0.031748 0.031841 0.032973 0.03494 0.034397 0.033143 0.033693 0.033933 0.034102 0.034804 0.035878 0.039538 0.039376 0.037673 0.038342 0.039524 0.041012 0.042421 0.044556 0.048691 0.047675 0.048051 0.050599 0.057555 0.076108 0.065365 0.056699 0.05741 0.054748 0.064441 0.12414 0.22702 0.066011 0.045425 0.041549 0.039055 0.037226 0.035414 0.034553 0.033762 0.033334 0.032778 0.032612 0.032493 0.032758 0.033142 0.033999 0.035177 0.037154 0.040067 0.045959 0.062365 0.081986 0.11841 0.08638 0.076165 0.073964 0.086902 0.12229 0.075381 0.12655 0.31387 0.098204 0.052562 0.048301 0.055626 0.039518 0.036035 0.035374 0.035268 0.034925 0.033588 0.034084 0.034608 0.033226 0.032034 0.032253
0.031886 0.032282 0.032314 0.031903 0.031936 0.033326 0.032598 0.032568 0.032998 0.033028 0.033484 0.033883 0.034511 0.035513 0.039345 0.038064 0.038695 0.039278 0.040308 0.041613 0.043135 0.045934 0.04839 0.049639 0.052572 0.056279 0.060985 0.067257 0.059785 0.05484 0.053241 0.052056 0.054132 0.06607 0.070831 0.057476 0.05323 0.045046 0.050882 0.038844 0.035651 0.035567 0.033893 0.033286 0.032865 0.032586 0.032447 0.032535 0.032857 0.033563 0.034671 0.036072 0.03839 0.042275 0.054661 0.062913 0.068581 0.095326 0.078549 0.075766 0.089371 0.089417 0.088085 0.16034 0.18352 0.077335 0.053523 0.052596 0.05592 0.040863 0.035565 0.03418 0.033285 0.032925 0.032229 0.031868 0.03169 0.031382 0.031315 0.031647
0.03345 0.03399 0.032623 0.032669 0.032309 0.032991 0.035074 0.033156 0.032577 0.032873 0.033487 0.034052 0.034755 0.035601 0.036817 0.037877 0.039196 0.040479 0.043026 0.043615 0.045057 0.047583 0.050003 0.052635 0.055912 0.059503 0.067458 0.063731 0.063136 0.05761 0.056568 0.052816 0.052383 0.054721 0.055498 0.077893 0.055548 0.043162 0.041142 0.038325 0.036169 0.035277 0.034231 0.033835 0.033592 0.033055 0.032582 0.032398 0.032608 0.033084 0.034009 0.035174 0.036817 0.039278 0.043248 0.052103 0.062395 0.084998 0.057809 0.060957 0.09049 0.096756 0.1196 0.14556 0.094893 0.085536 0.056879 0.049051 0.046598 0.042145 0.035101 0.033693 0.032985 0.032312 0.031578 0.031196 0.03108 0.031088 0.031295 0.031803
0.038023 0.041905 0.038463 0.034261 0.033031 0.037783 0.040131 0.033048 0.032447 0.033352 0.034166 0.035275 0.035315 0.036205 0.038116 0.038919 0.039702 0.041677 0.045607 0.045893 0.047899 0.050994 0.055392 0.057524 0.059729 0.062183 0.066697 0.067601 0.070882 0.067394 0.061307 0.055844 0.052444 0.051978 0.061446 0.054931 0.055865 0.043513 0.040201 0.03819 0.03634 0.035633 0.035703 0.037764 0.039471 0.038152 0.03296 0.032329 0.03233 0.032741 0.03324 0.034322 0.03545 0.037274 0.03925 0.044106 0.081172 0.053224 0.048497 0.052215 0.070358 0.1221 0.35634 0.16676 0.092422 0.11097 0.052315 0.047154 0.039432 0.03614 0.034623 0.034532 0.037987 0.033314 0.031278 0.030848 0.030696 0.030726 0.031392 0.032713
0.040081 0.13127 0.099806 0.03756 0.033186 0.036467 0.040678 0.033188 0.032746 0.033442 0.034701 0.03657 0.0367 0.038399 0.042739 0.040085 0.041396 0.043907 0.048065 0.054522 0.053511 0.057643 0.060296 0.065335 0.067695 0.072068 0.073371 0.078281 0.090784 0.081432 0.067685 0.059538 0.054385 0.05159 0.050904 0.047727 0.047767 0.043963 0.040256 0.03834 0.037937 0.037841 0.050438 0.040418 0.036266 0.034316 0.033165 0.032215 0.03254 0.032439 0.032733 0.033484 0.03438 0.03571 0.037397 0.041072 0.046758 0.051505 0.048797 0.051143 0.06176 0.066262 0.07864 0.07288 0.059061 0.059046 0.052981 0.043003 0.036337 0.034191 0.03318 0.032702 0.034897 0.034389 0.031773 0.030642 0.030689 0.0319 0.031379 0.031972
0.035607 0.044489 0.040944 0.035296 0.037709 0.03347 0.033537 0.03264 0.032501 0.033487 0.036841 0.044317 0.03996 0.038906 0.043561 0.042453 0.044309 0.04582 0.051545 0.086525 0.062301 0.073613 0.071723 0.07779 0.082878 0.09027 0.10169 0.12288 0.25389 0.098256 0.079894 0.067668 0.058698 0.053237 0.049334 0.048239 0.045809 0.044603 0.045093 0.041639 0.043613 0.038977 0.045992 0.037144 0.03403 0.033146 0.032687 0.032008 0.032041 0.032029 0.032393 0.032902 0.033741 0.034802 0.035703 0.037083 0.039131 0.048599 0.055882 0.056384 0.072071 0.058884 0.049667 0.048889 0.057892 0.04646 0.043457 0.037022 0.034605 0.033261 0.032629 0.032052 0.03163 0.031673 0.031516 0.030451 0.030173 0.030322 0.031035 0.032068
0.034519 0.038202 0.047741 0.034903 0.042322 0.034357 0.032144 0.03202 0.032349 0.033358 0.037547 0.040774 0.039091 0.03957 0.046234 0.047845 0.045513 0.047956 0.056655 0.086608 0.065895 0.075052 0.092218 0.095855 0.10895 0.12688 0.12616 0.14084 0.25714 0.12788 0.095552 0.078777 0.068735 0.056182 0.050582 0.047597 0.045486 0.045327 0.044614 0.049125 0.041062 0.038312 0.044366 0.036165 0.033511 0.032928 0.032324 0.031871 0.031691 0.031743 0.032151 0.03248 0.033259 0.034073 0.034764 0.035711 0.037252 0.04092 0.049804 0.046891 0.060085 0.10528 0.057538 0.044307 0.04166 0.038574 0.037228 0.035453 0.033451 0.032388 0.03176 0.032056 0.031572 0.033479 0.031768 0.03051 0.030485 0.030157 0.031017 0.033953
0.053515 0.035016 0.03473 0.033376 0.032363 0.031827 0.031691 0.031876 0.032351 0.033183 0.034699 0.036807 0.037767 0.040561 0.044582 0.045855 0.048783 0.050348 0.057198 0.069367 0.070141 0.085456 0.12798 0.16282 0.21854 0.32928 0.21368 0.25069 0.2005 0.14334 0.10311 0.090313 0.069788 0.057804 0.05451 0.05431 0.049547 0.046093 0.048042 0.044496 0.045167 0.042784 0.037277 0.034724 0.033568 0.033186 0.032101 0.031661 0.031492 0.03149 0.031741 0.033101 0.034857 0.034265 0.034705 0.034873 0.036401 0.043031 0.050179 0.043583 0.067818 0.066044 0.042899 0.038968 0.03726 0.035857 0.035044 0.033791 0.032741 0.031968 0.031466 0.031097 0.031354 0.032596 0.030564 0.02989 0.029818 0.030362 0.030823 0.033449
0.03337 0.031947 0.031125 0.031241 0.032005 0.032636 0.032729 0.03178 0.032387 0.033123 0.034446 0.036936 0.039133 0.046912 0.058936 0.052701 0.052256 0.058176 0.063375 0.067764 0.078284 0.09996 0.12396 0.14009 0.19113 0.32264 0.48913 1.4877 0.61646 0.17632 0.13675 0.089318 0.071742 0.064443 0.06371 0.057339 0.052694 0.046821 0.05765 0.064718 0.044995 0.039776 0.036398 0.034247 0.033353 0.032614 0.032089 0.031608 0.031511 0.031372 0.03167 0.032759 0.032546 0.033183 0.038695 0.034215 0.035548 0.041799 0.043704 0.049236 0.046999 0.048193 0.041846 0.037328 0.035732 0.034639 0.033774 0.033065 0.032596 0.032347 0.03184 0.032534 0.032919 0.031432 0.030262 0.029671 0.029601 0.030604 0.038109 0.034518
0.030405 0.031398 0.030512 0.030594 0.030795 0.031221 0.031337 0.031778 0.032355 0.033324 0.034437 0.036923 0.039108 0.04533 0.061288 0.054153 0.054033 0.088567 0.11733 0.095191 0.086678 0.15447 0.1574 0.35056 0.28169 0.5379 1.4391 0.99361 0.56226 0.19558 0.13524 0.091333 0.075037 0.10764 0.07007 0.055484 0.049166 0.046029 0.044782 0.046566 0.045495 0.037758 0.035498 0.034301 0.03328 0.032612 0.032003 0.031664 0.031387 0.031696 0.03268 0.033814 0.032247 0.032058 0.032806 0.033271 0.03577 0.044921 0.043987 0.12907 0.059451 0.040978 0.039097 0.037269 0.035316 0.034141 0.033355 0.033504 0.033674 0.03321 0.034115 0.050292 0.034171 0.032488 0.030187 0.029587 0.029577 0.029822 0.031369 0.030745
0.030232 0.030117 0.029889 0.03041 0.030299 0.03102 0.031098 0.031979 0.032302 0.033698 0.034487 0.036618 0.038393 0.041555 0.048264 0.082578 0.060494 0.10386 0.1597 0.14656 0.13604 0.14348 0.1356 0.21657 0.19917 0.5908 3.9173 0.96497 0.27204 0.19521 0.1179 0.091277 0.070117 0.065994 0.056293 0.051951 0.047117 0.045253 0.042962 0.047235 0.045452 0.038149 0.035409 0.03463 0.033265 0.03295 0.032015 0.031973 0.031423 0.031972 0.032201 0.032806 0.033404 0.0321 0.031953 0.032929 0.03534 0.037414 0.039912 0.058872 0.076821 0.047014 0.051115 0.045564 0.035823 0.034262 0.033026 0.032487 0.032186 0.035618 0.033531 0.039913 0.035679 0.033801 0.031173 0.030916 0.029836 0.029763 0.031115 0.032902
0.030921 0.030606 0.030395 0.030372 0.030675 0.03108 0.031373 0.031943 0.032594 0.034034 0.035311 0.037122 0.038469 0.040926 0.045443 0.055763 0.059666 0.095432 0.14514 0.08464 0.087777 0.10664 0.13408 0.12918 0.17699 0.3153 0.76124 0.67878 0.21784 0.14275 0.10839 0.088288 0.075251 0.063511 0.058404 0.053357 0.048952 0.046163 0.044668 0.044696 0.045531 0.041363 0.036184 0.034759 0.033686 0.03317 0.03272 0.032122 0.031785 0.031728 0.031981 0.033315 0.033498 0.035403 0.032524 0.032429 0.033098 0.034855 0.047166 0.042641 0.045937 0.055962 0.051593 0.048302 0.040599 0.040553 0.034525 0.032514 0.032234 0.034079 0.032583 0.032434 0.035483 0.03621 0.03208 0.032028 0.029736 0.029792 0.033629 0.035161
0.030342 0.030217 0.030785 0.031501 0.032213 0.031255 0.03143 0.031983 0.032926 0.033913 0.035292 0.038332 0.039743 0.041148 0.046213 0.050142 0.058784 0.098455 0.071575 0.067469 0.072682 0.081953 0.099084 0.10978 0.17434 0.25951 0.24609 0.26405 0.22033 0.193 0.12583 0.087841 0.072326 0.062993 0.058587 0.058095 0.058871 0.052225 0.049135 0.047021 0.053021 0.048592 0.037013 0.035002 0.034173 0.0339 0.033549 0.033018 0.03237 0.032433 0.035607 0.034943 0.031776 0.033212 0.031684 0.031862 0.032383 0.034245 0.052455 0.03706 0.037793 0.05188 0.073321 0.063906 0.050526 0.063719 0.03962 0.034292 0.033869 0.04286 0.039048 0.032249 0.036496 0.040895 0.03121 0.030297 0.029828 0.029766 0.032874 0.032028
0.03115 0.032225 0.033016 0.036183 0.031538 0.031273 0.031845 0.03219 0.033474 0.034315 0.035815 0.03752 0.039798 0.042144 0.046389 0.053347 0.064318 0.06283 0.063089 0.0741 0.080881 0.078587 0.093462 0.10565 0.18368 0.17146 0.23088 0.64087 0.19875 0.11052 0.092146 0.07858 0.070195 0.064964 0.062728 0.071068 0.072717 0.055597 0.045766 0.042919 0.04251 0.040212 0.036874 0.03545 0.035573 0.034592 0.035109 0.034117 0.033737 0.032756 0.032237 0.03196 0.031739 0.031739 0.03157 0.032245 0.031877 0.032679 0.034695 0.036682 0.041884 0.056376 0.043574 0.047554 0.048384 0.046468 0.038036 0.052191 0.03558 0.032869 0.032053 0.031459 0.032723 0.034168 0.03114 0.030631 0.029722 0.029819 0.030507 0.030047
0.03151 0.039861 0.042323 0.032842 0.031496 0.031563 0.032829 0.032737 0.033996 0.034978 0.037311 0.04033 0.043473 0.048933 0.056221 0.052595 0.064557 0.060467 0.070127 0.15487 0.079783 0.087526 0.15016 0.11606 0.15195 0.15348 0.26088 0.20375 0.12476 0.10489 0.10512 0.094332 0.070631 0.065417 0.063973 0.082753 0.083726 0.051418 0.046046 0.043206 0.040399 0.038698 0.037332 0.036794 0.037331 0.035851 0.039652 0.040045 0.049411 0.034795 0.032615 0.031903 0.032027 0.031466 0.032247 0.035067 0.032492 0.033108 0.034508 0.039029 0.046649 0.039998 0.03752 0.03731 0.043005 0.084372 0.03878 0.037929 0.035105 0.033133 0.031683 0.031763 0.032646 0.035836 0.031694 0.029911 0.029933 0.029617 0.030341 0.033083
0.032075 0.034549 0.050741 0.032445 0.031134 0.031423 0.032308 0.033302 0.033601 0.034901 0.037592 0.051343 0.047393 0.051133 0.074574 0.056884 0.056115 0.06609 0.06692 0.074455 0.0796 0.10117 0.17871 0.12135 0.10877 0.10162 0.12989 0.101 0.094615 0.17879 0.23512 0.11595 0.077283 0.066124 0.068015 0.070267 0.064326 0.057074 0.049107 0.044144 0.041037 0.039321 0.038858 0.037771 0.037272 0.038092 0.040144 0.041092 0.038282 0.041607 0.03437 0.032492 0.032093 0.031756 0.03282 0.032398 0.031925 0.032334 0.037254 0.034444 0.038377 0.034119 0.036766 0.047615 0.038625 0.053728 0.040826 0.045046 0.039214 0.035929 0.033688 0.039887 0.038959 0.033101 0.030598 0.030307 0.029554 0.029429 0.029743 0.031015
0.033032 0.031835 0.034062 0.033735 0.031347 0.031777 0.032914 0.032921 0.033898 0.035246 0.038755 0.046557 0.058521 0.055483 0.059166 0.081649 0.055569 0.080231 0.063019 0.072747 0.15257 0.17254 0.16677 0.11522 0.084953 0.077517 0.083713 0.085862 0.081494 0.094826 0.10309 0.078487 0.06967 0.070072 0.067998 0.066209 0.1086 0.13333 0.053272 0.044581 0.044745 0.045966 0.046254 0.041955 0.038727 0.037879 0.045465 0.073718 0.049683 0.044028 0.036697 0.033419 0.034342 0.031746 0.031084 0.030932 0.031431 0.032127 0.033235 0.034329 0.033176 0.033018 0.034789 0.037575 0.03624 0.039127 0.038458 0.040027 0.054593 0.035966 0.032717 0.044124 0.072039 0.035609 0.030727 0.031188 0.029805 0.029971 0.033382 0.032719
0.033948 0.031121 0.030736 0.031047 0.031471 0.032015 0.03285 0.03292 0.034119 0.035995 0.038691 0.042919 0.043964 0.049703 0.052258 0.056081 0.054611 0.061737 0.064167 0.073098 0.10938 0.3428 0.11616 0.076902 0.070872 0.067103 0.068557 0.069814 0.082151 0.069 0.070233 0.068644 0.067759 0.075242 0.09314 0.13776 0.10399 0.067554 0.052581 0.045117 0.044559 0.056506 0.067261 0.043554 0.037412 0.040945 0.073063 0.11747 0.1771 0.08466 0.043166 0.034727 0.033503 0.034317 0.032937 0.030954 0.030945 0.032133 0.033189 0.038406 0.032741 0.033219 0.039429 0.03713 0.05205 0.040763 0.036966 0.03574 0.040867 0.035344 0.032608 0.034145 0.038167 0.035872 0.030501 0.02957 0.029408 0.029294 0.029585 0.030302
0.030012 0.030288 0.030841 0.030756 0.032325 0.031842 0.033136 0.033117 0.034279 0.036108 0.038327 0.04232 0.042085 0.045038 0.054346 0.051 0.05801 0.090306 0.085958 0.0924 0.10094 0.10075 0.079194 0.083346 0.06771 0.060604 0.059818 0.061648 0.069988 0.060499 0.061894 0.061157 0.071037 0.08591 0.16664 1.1623 0.13742 0.05885 0.053867 0.043659 0.04325 0.041938 0.040976 0.037367 0.037358 0.039158 0.043854 0.044839 0.051888 0.069665 0.043701 0.03411 0.032904 0.033653 0.031469 0.030838 0.031567 0.035422 0.033221 0.033228 0.033414 0.033337 0.035517 0.039858 0.053062 0.062386 0.054592 0.035636 0.034701 0.035935 0.03591 0.032581 0.032331 0.031199 0.030393 0.029665 0.029392 0.029318 0.029401 0.02956
0.029728 0.029961 0.030303 0.03072 0.031385 0.032174 0.032891 0.033596 0.034606 0.036033 0.03774 0.040214 0.042222 0.044688 0.04811 0.052262 0.067589 0.070138 0.077952 0.15854 0.19663 0.08655 0.073445 0.071566 0.065672 0.057953 0.057175 0.056107 0.058537 0.060063 0.058443 0.062712 0.073473 0.090986 0.14497 0.21803 0.096578 0.063189 0.051201 0.043938 0.041211 0.038897 0.037616 0.036442 0.036446 0.037298 0.040898 0.038762 0.037971 0.037988 0.040194 0.034079 0.033131 0.032615 0.031435 0.031654 0.032734 0.03553 0.037569 0.039422 0.04202 0.034743 0.037212 0.048748 0.050433 0.11006 0.055779 0.035745 0.034693 0.037653 0.036622 0.036632 0.037493 0.031344 0.030511 0.029643 0.029384 0.029266 0.029329 0.029468
0.029785 0.030002 0.030343 0.030728 0.031274 0.031942 0.032833 0.034582 0.035656 0.036587 0.038782 0.040605 0.043254 0.046509 0.050789 0.058349 0.079881 0.074177 0.10561 0.28377 0.11914 0.083674 0.082562 0.059844 0.060339 0.057189 0.053274 0.054114 0.056375 0.063828 0.057089 0.066872 0.12357 0.10117 0.085815 0.070921 0.063626 0.054512 0.047615 0.043291 0.040369 0.038417 0.037086 0.036108 0.036329 0.047927 0.036901 0.036391 0.041039 0.03521 0.039062 0.035234 0.036347 0.033929 0.033888 0.032976 0.034114 0.042496 0.045584 0.055194 0.069425 0.037775 0.04047 0.043268 0.04804 0.048399 0.041294 0.035373 0.033617 0.034358 0.036319 0.03422 0.037167 0.032349 0.030701 0.030121 0.029642 0.029482 0.029507 0.029598
0.029963 0.030226 0.030525 0.030956 0.031467 0.032196 0.033229 0.034761 0.035956 0.038841 0.039959 0.042058 0.045793 0.052193 0.055338 0.070203 0.18344 0.085519 0.082674 0.13861 0.097064 0.086842 0.072314 0.056017 0.052956 0.051821 0.051194 0.050632 0.052136 0.063012 0.058506 0.062107 0.08683 0.13467 0.074936 0.064754 0.057809 0.051129 0.047171 0.043427 0.040077 0.038092 0.0368 0.03597 0.035584 0.035722 0.034962 0.034864 0.035906 0.034785 0.042063 0.033835 0.033735 0.035361 0.036026 0.038975 0.039992 0.034451 0.034953 0.037215 0.046968 0.047746 0.045031 0.037488 0.041231 0.065512 0.06569 0.037109 0.034753 0.038169 0.037394 0.035554 0.033302 0.031374 0.030894 0.032001 0.029904 0.029672 0.029677 0.029792
0.030275 0.030499 0.030794 0.031203 0.031728 0.032419 0.033266 0.034433 0.035919 0.038528 0.04058 0.044553 0.048833 0.05623 0.079931 0.10852 0.15491 0.079081 0.086445 0.09488 0.085864 0.067359 0.061311 0.054553 0.0508 0.049547 0.048573 0.049214 0.050574 0.058896 0.063501 0.07583 0.086486 0.10884 0.072982 0.074012 0.065753 0.058617 0.055608 0.043302 0.039917 0.038234 0.037666 0.035937 0.03564 0.035781 0.035154 0.03504 0.036188 0.035604 0.034044 0.032853 0.032267 0.03235 0.032262 0.033925 0.052578 0.037228 0.034955 0.039968 0.043866 0.046981 0.068452 0.050467 0.038789 0.044639 0.052064 0.042709 0.042557 0.039051 0.039001 0.044423 0.034124 0.031213 0.03076 0.030661 0.030165 0.030057 0.030066 0.030145
0.030667 0.030877 0.03116 0.031546 0.032055 0.032702 0.033573 0.034728 0.036407 0.039397 0.0446 0.046664 0.054854 0.068117 0.10406 0.16171 0.089728 0.073902 0.095068 0.086551 0.11692 0.071119 0.061439 0.058841 0.052491 0.050345 0.048556 0.04832 0.049564 0.053041 0.067482 0.080379 0.084312 0.1305 0.074994 0.061984 0.053977 0.052591 0.053616 0.04473 0.040907 0.038296 0.037298 0.036294 0.037102 0.048251 0.037857 0.037758 0.056893 0.048267 0.035813 0.033451 0.031969 0.031846 0.031905 0.031718 0.034911 0.042948 0.037961 0.040103 0.058634 0.044649 0.050424 0.041508 0.036355 0.040793 0.043103 0.055307 0.04707 0.046562 0.04824 0.037711 0.033197 0.031883 0.030849 0.030533 0.030499 0.030418 0.030424 0.030513
0.031197 0.031312 0.03162 0.031895 0.032453 0.033011 0.033997 0.035015 0.036798 0.039338 0.043458 0.047893 0.061116 0.081015 0.15621 0.30308 0.13013 0.083057 0.08462 0.071977 0.063611 0.057402 0.052691 0.052766 0.049791 0.049137 0.047363 0.048164 0.050455 0.056953 0.068964 0.077969 0.13922 0.081241 0.061037 0.056476 0.052453 0.047584 0.049941 0.056876 0.04167 0.039294 0.03742 0.036559 0.036666 0.038002 0.045765 0.039944 0.052234 0.066408 0.039187 0.033666 0.033683 0.031861 0.031217 0.031442 0.032678 0.032893 0.033443 0.033673 0.035431 0.03839 0.062127 0.042486 0.037536 0.064166 0.043515 0.050723 0.072059 0.052049 0.042205 0.040267 0.033271 0.032148 0.031696 0.031327 0.031099 0.031032 0.031076 0.031068
0.031889 0.031824 0.032237 0.032299 0.033017 0.033275 0.03455 0.035188 0.037447 0.039167 0.044097 0.051329 0.090684 0.087641 0.35553 1.346 0.27928 0.086864 0.078704 0.093396 0.060243 0.059497 0.055027 0.049249 0.04908 0.047421 0.047725 0.049349 0.05737 0.059084 0.083066 0.07312 0.10174 0.068978 0.0614 0.059156 0.052242 0.048074 0.046167 0.047938 0.041946 0.039894 0.038075 0.037366 0.041076 0.037108 0.043193 0.038477 0.045633 0.079017 0.041119 0.036406 0.034551 0.031886 0.034074 0.03136 0.031788 0.030874 0.031236 0.032988 0.032621 0.035299 0.059484 0.043602 0.038541 0.049734 0.041068 0.04451 0.079546 0.041003 0.039634 0.045717 0.034236 0.032459 0.031969 0.031684 0.031847 0.031655 0.031754 0.031639
0.032624 0.032637 0.032823 0.032974 0.033414 0.033914 0.034895 0.035832 0.037437 0.039183 0.042768 0.04902 0.062516 0.07625 0.1442 0.25451 0.12275 0.077028 0.071194 0.10126 0.065224 0.054265 0.051403 0.049123 0.048237 0.049005 0.048074 0.054162 0.071831 0.055431 0.059496 0.063061 0.083504 0.13983 0.098138 0.067478 0.055506 0.054359 0.051211 0.050189 0.044839 0.044759 0.040919 0.040073 0.038765 0.038647 0.053622 0.046211 0.046377 0.048258 0.049959 0.069942 0.038842 0.032688 0.032831 0.030745 0.030376 0.030783 0.03083 0.030779 0.031898 0.033451 0.035905 0.036761 0.036591 0.03592 0.038245 0.051149 0.073256 0.040935 0.046781 0.041394 0.035458 0.033379 0.033286 0.03311 0.032877 0.032784 0.032733 0.032624
0.033643 0.033605 0.033637 0.033771 0.034114 0.034665 0.035387 0.036185 0.03734 0.039158 0.041958 0.046098 0.052414 0.061727 0.082248 0.11368 0.081136 0.09915 0.098199 0.06592 0.063642 0.057071 0.058713 0.05154 0.047831 0.048289 0.050334 0.051919 0.055473 0.052831 0.05933 0.078671 0.11392 0.30757 0.1936 0.09332 0.060119 0.055601 0.052657 0.056762 0.060026 0.053746 0.049074 0.042887 0.040535 0.043859 0.069099 0.039122 0.036561 0.035488 0.039942 0.064792 0.063924 0.033947 0.030778 0.030001 0.029587 0.029589 0.029632 0.029978 0.032417 0.031459 0.032051 0.032505 0.0333 0.034949 0.044385 0.040219 0.046061 0.039415 0.037999 0.035811 0.035202 0.034368 0.034044 0.034053 0.03443 0.034053 0.033842 0.033706
0.035094 0.035208 0.035408 0.034887 0.035328 0.035996 0.03709 0.037035 0.037515 0.039116 0.041622 0.045384 0.050345 0.057946 0.096679 0.073205 0.068292 0.1225 0.069164 0.080537 0.070301 0.10416 0.083614 0.052692 0.048946 0.05052 0.049408 0.048827 0.053172 0.056105 0.075851 0.096027 0.10504 0.19834 0.093928 0.081175 0.072509 0.060755 0.058986 0.14587 0.1089 0.056371 0.063953 0.043505 0.042811 0.037452 0.037153 0.034818 0.034542 0.033714 0.038279 0.041657 0.036181 0.031698 0.030327 0.029658 0.029338 0.029226 0.029272 0.029526 0.030326 0.030217 0.030931 0.033747 0.033432 0.03359 0.035949 0.034798 0.037845 0.038117 0.042254 0.03785 0.037932 0.036544 0.036722 0.037608 0.036631 0.036049 0.035776 0.035287
0.038653 0.041184 0.043193 0.038027 0.037821 0.036557 0.037346 0.037984 0.037769 0.039145 0.04145 0.045353 0.058495 0.059328 0.062454 0.056959 0.059401 0.064975 0.05801 0.084711 0.068134 0.075006 0.065523 0.055593 0.05192 0.051475 0.051155 0.049672 0.05215 0.055217 0.061289 0.069448 0.1303 0.25695 0.11224 0.11608 0.12995 0.068283 0.058368 0.059855 0.055268 0.069989 0.077894 0.045813 0.043299 0.036889 0.034352 0.033471 0.03379 0.033058 0.035432 0.034443 0.031954 0.030857 0.030018 0.029493 0.029227 0.029103 0.029154 0.029217 0.029419 0.029787 0.030296 0.031239 0.032829 0.032584 0.032933 0.033899 0.034984 0.036099 0.04849 0.037654 0.037535 0.038792 0.038158 0.038682 0.039947 0.040161 0.037879 0.037303
